76
2
41
72
95
24
80
6
26
72
32
89
83
49
86
31
98
96
19
60
45
66
91
72
20
50
79
84
48
19
71
57
56
23
100
38
67
47
23
80
57
75
55
87
58
82
49
63
61
49
5
100
83
9
42
32
38
55
74
56
57
71
71
42
38
88
50
54
31
99
7
71
11
19
87
10
53
14
98
94
20
87
60
34
57
64
75
52
14
10
24
10
12
91
11
93
3
12
16
86
66
61
94
37
54
3
16
29
89
73
17
16
16
54
62
21
62
98
98
52
24
27
37
59
41
97
17
27
55
59
91
82
77
21
39
84
44
95
58
8
69
74
57
41
44
94
50
14
95
60
4
72
51
79
85
66
76
86
52
83
49
97
81
77
42
6
20
49
66
11
49
84
5
41
63
9
6
51
100
24
58
10
69
55
64
41
12
32
34
97
10
20
34
15
39
99
11
9
81
76
23
67
33
80
97
16
2
60
24
26
52
88
94
71
28
75
27
32
94
72
98
84
83
26
86
39
2
37
3
73
83
50
53
23
62
81
86
41
99
73
79
41
2
81
31
68
14
99
24
58
23
66
4
92
48
29
13
67
84
78
79
96
42
93
82
12
16
90
51
17
93
18
63
42
6
59
26
32
54
98
59
30
11
67
21
13
25
56
63
61
19
30
70
96
45
17
75
41
63
8
12
27
57
61
63
88
56
79
82
16
13
69
43
57
22
10
52
90
61
48
19
63
49
18
60
57
56
32
64
90
40
82
57
48
54
52
84
27
60
36
51
100
6
77
45
13
56
44
13
32
92
14
95
93
80
54
81
36
84
13
68
91
85
72
15
72
97
57
82
27
2
46
42
20
86
100
77
68
78
20
52
6
76
52
25
93
67
13
70
85
45
15
12
32
79
7
69
14
25
65
33
20
90
98
61
31
93
83
87
93
46
82
74
70
86
99
81
4
25
31
37
51
46
20
52
5
54
90
20
95
75
56
85
71
4
92
26
58
66
66
2
40
25
87
18
85
60
71
81
67
72
76
29
36
56
58
28
35
39
5
70
83
39
82
73
55
69
47
41
60
93
17
75
37
63
58
44
34
86
48
99
41
39
17
23
25
2
11
28
40
32
65
21
73
60
7
67
43
23
99
60
98
43
11
74
60
41
24
65
43
35
14
56
57
9
38
17
41
41
13
91
78
86
62
48
46
2
71
69
73
87
64
1
8
4
54
75
69
33
100
36
29
12
65
88
62
52
29
34
2
24
9
15
24
18
14
64
34
74
10
91
8
49
99
7
73
59
93
6
81
60
99
97
3
80
29
43
9
99
45
78
69
80
71
30
90
70
64
87
24
32
35
99
89
14
24
7
78
96
23
94
86
91
24
20
87
52
33
16
7
30
75
66
85
28
75
28
12
100
61
31
85
51
88
79
74
68
86
11
23
80
61
4
22
28
55
6
26
68
83
65
85
65
81
53
15
81
25
19
91
86
19
60
61
71
47
68
21
100
37
33
48
91
76
40
84
97
16
86
55
39
69
100
21
43
7
23
11
15
49
77
49
41
89
4
47
90
10
54
57
59
65
13
100
24
94
78
77
40
25
24
20
57
56
65
77
26
91
44
44
81
42
31
36
98
4
45
40
61
71
45
37
91
31
81
83
32
84
22
91
83
39
36
14
51
96
90
80
25
72
77
63
83
66
29
7
16
63
22
52
35
35
64
56
34
43
99
31
42
50
43
31
21
68
95
32
93
6
85
10
8
23
41
96
58
11
59
86
46
59
44
14
13
74
49
15
22
68
46
54
95
96
22
34
81
47
92
31
82
40
11
92
83
46
52
14
6
63
32
21
54
11
73
47
14
12
38
35
17
54
7
48
34
14
3
95
45
17
12
3
74
23
80
80
54
37
51
6
78
84
38
65
95
92
75
94
55
65
60
49
49
6
60
87
88
95
77
86
56
13
5
55
98
18
84
60
65
11
60
32
22
27
47
48
56
8
82
64
39
49
50
35
8
67
55
41
49
45
38
55
29
80
61
68
82
71
71
38
4
60
94
87
75
96
39
16
51
14
68
1
52
96
38
95
20
41
92
86
27
91
72
54
2
65
31
98
29
65
32
48
4
53
14
36
73
27
96
32
75
91
7
69
70
37
90
24
31
97
1
40
73
84
56
76
86
16
24
96
76
27
32
49
43
29
70
75
7
96
84
80
4
17
22
83
2
58
47
10
40
90
60
73
65
1
2
67
53
42
31
47
74
91
23
26
58
28
81
83
30
79